precision : 0.3021449704142012
recall : 0.4649971542401821
f_measure : 0.3662855861914369
precision : 0.3301851152247828
recall : 0.48936170212765956
f_measure : 0.39431536205729756
precision : 0.30780837419841567
recall : 0.45484949832775917
f_measure : 0.3671541057367829
precision : 0.2954461310625694
recall : 0.45186862967157415
f_measure : 0.3572867696440564
precision : 0.3098487642936186
recall : 0.47538200339558573
f_measure : 0.37516748548459133
average-precision : 0.3090866710387175
average-recall : 0.4672917975525522
average-f_measure : 0.37204186182283305
