precision : 0.2919840406238665
recall : 0.4581673306772908
f_measure : 0.35666814355338944
precision : 0.32172596517789553
recall : 0.47592385218365063
f_measure : 0.3839205058717254
precision : 0.299815157116451
recall : 0.4520624303232999
f_measure : 0.36052456101355856
precision : 0.2934306569343066
recall : 0.4552661381653454
f_measure : 0.35685752330226367
precision : 0.3038817005545287
recall : 0.46519524617996605
f_measure : 0.36762075134168165
average-precision : 0.3021675040814097
average-recall : 0.4613229995059106
average-f_measure : 0.36511829701652376
