precision : 0.6176961602671118
recall : 0.421172453044963
f_measure : 0.5008460236886633
precision : 0.6734154929577465
recall : 0.42833146696528557
f_measure : 0.5236139630390144
precision : 0.6557522123893805
recall : 0.41304347826086957
f_measure : 0.5068399452804377
precision : 0.652093023255814
recall : 0.3969422423556059
f_measure : 0.49348820837733187
precision : 0.6358792184724689
recall : 0.4052065647990945
f_measure : 0.4949879018320083
average-precision : 0.6469672214685044
average-recall : 0.4129392410851637
average-f_measure : 0.5039552084434911
