precision : 0.6043405676126878
recall : 0.4120660216277746
f_measure : 0.4900169204737732
precision : 0.6426056338028169
recall : 0.4087346024636058
f_measure : 0.4996577686516085
precision : 0.6419642857142858
recall : 0.4007803790412486
f_measure : 0.4934797529169527
precision : 0.6345794392523364
recall : 0.384484711211778
f_measure : 0.47884344146685465
precision : 0.6292947558770343
recall : 0.3938879456706282
f_measure : 0.4845109641489732
average-precision : 0.6305569364518322
average-recall : 0.39999073200300705
average-f_measure : 0.4893017695316325
